1988
1962
1990
1979
1983
1999
1999
1967
1972
1981
1999
1988
1969
1989
1990
1961
1990
1986
1984
1978
1990
1974
2003
1987
2002
2004
1979
1966
1971
1993
2004
1974
1970
1962
1967
1965
1973
1960
1991
1972
1979
1978
1999
1984
1981
1997
1962
1997
1994
2003
1975
1987
1992
2001
1995
1969
1984
1980
1996
1969
1985
1996
1974
1970
1997
1962
2001
1966
1962
1978
1974
1987
1973
1987
2000
1984
1998
2002
1994
1964
1985
1988
1976
1965
1965
1965
1966
1966
1981
1994
1995
1997
2002
1977
2000
1969
1961
1974
1993
1975
